Iv1 = [0.858; 0.468; 0.213];
Iv2 = [-0.319; -0.034; 0.947];